0 0.060937 0.436111 0.059375 0.100000
0 0.141797 0.704861 0.083594 0.101389
0 0.185547 0.753472 0.071094 0.081944
0 0.211328 0.786806 0.057031 0.093056
0 0.212500 0.688194 0.075000 0.118056
0 0.221094 0.509028 0.059375 0.137500
0 0.281641 0.650000 0.067969 0.122222
0 0.342969 0.685417 0.059375 0.118056
0 0.383203 0.612500 0.063281 0.122222
0 0.285547 0.292361 0.091406 0.093056
0 0.366797 0.286806 0.089844 0.037500
0 0.526563 0.336806 0.070312 0.112500
0 0.483203 0.597917 0.058594 0.134722
0 0.595703 0.709722 0.077344 0.091667
0 0.623047 0.595139 0.067969 0.134722
0 0.610156 0.263194 0.075000 0.104167
0 0.565234 0.298611 0.035156 0.080556
0 0.807031 0.285417 0.062500 0.054167
0 0.987891 0.629861 0.024219 0.118056
