0 0.090234 0.054861 0.092969 0.106944
0 0.108984 0.513889 0.058594 0.111111
0 0.162891 0.499306 0.063281 0.109722
0 0.244531 0.376389 0.056250 0.113889
0 0.655469 0.938194 0.048438 0.106944
0 0.473828 0.213889 0.082031 0.088889
0 0.303516 0.231250 0.058594 0.076389
0 0.383594 0.324306 0.078125 0.104167
0 0.982422 0.415972 0.035156 0.076389
0 0.985938 0.196528 0.028125 0.076389
0 0.405859 0.419444 0.053906 0.111111
0 0.456250 0.393056 0.056250 0.116667
0 0.424219 0.575000 0.048438 0.113889
0 0.476172 0.559028 0.055469 0.109722
0 0.425000 0.681250 0.051562 0.073611
0 0.441016 0.635417 0.055469 0.076389
