0 0.520703 0.914583 0.055469 0.112500
0 0.124609 0.679167 0.050781 0.052778
0 0.036719 0.199306 0.071875 0.093056
0 0.103516 0.505556 0.050781 0.105556
0 0.147266 0.498611 0.063281 0.113889
0 0.235937 0.702778 0.067187 0.080556
0 0.803516 0.259722 0.072656 0.075000
0 0.248828 0.300000 0.066406 0.086111
0 0.302344 0.246528 0.068750 0.059722
0 0.357031 0.228472 0.070312 0.098611
0 0.368359 0.288194 0.066406 0.068056
0 0.473438 0.259722 0.068750 0.077778
0 0.615625 0.231250 0.084375 0.081944
0 0.556250 0.300000 0.071875 0.097222
0 0.473438 0.381250 0.056250 0.081944
0 0.495312 0.320139 0.054688 0.079167
0 0.461328 0.640972 0.061719 0.081944
0 0.421875 0.703472 0.046875 0.084722
0 0.465234 0.691667 0.041406 0.050000
0 0.019141 0.840972 0.036719 0.051389
0 0.985156 0.401389 0.029687 0.138889
0 0.985547 0.175000 0.028906 0.102778
