0 0.764453 0.485417 0.071094 0.093056
0 0.791406 0.411806 0.071875 0.112500
0 0.873047 0.427083 0.082031 0.123611
0 0.835938 0.495139 0.075000 0.098611
0 0.975391 0.388194 0.049219 0.084722
0 0.968750 0.566667 0.060937 0.169444
0 0.982812 0.788889 0.034375 0.061111
0 0.977344 0.711111 0.045312 0.105556
0 0.365234 0.779167 0.060156 0.113889
0 0.282422 0.690278 0.071094 0.136111
0 0.369141 0.670139 0.078906 0.084722
0 0.255469 0.327083 0.075000 0.073611
0 0.326953 0.330556 0.071094 0.072222
0 0.022266 0.495833 0.042969 0.113889
0 0.131250 0.559028 0.082812 0.090278
0 0.103516 0.343750 0.063281 0.065278
0 0.022266 0.678472 0.042969 0.112500
0 0.042188 0.800694 0.065625 0.123611
0 0.092969 0.743750 0.054688 0.143056
0 0.139063 0.736111 0.065625 0.111111
0 0.158203 0.818056 0.041406 0.077778
0 0.197656 0.868750 0.060937 0.070833
0 0.212500 0.815278 0.068750 0.050000
