0 0.646484 0.396528 0.047656 0.148611
0 0.769531 0.392361 0.079687 0.090278
0 0.823047 0.351389 0.075781 0.080556
0 0.880078 0.301389 0.072656 0.097222
0 0.987500 0.418750 0.025000 0.087500
0 0.340625 0.715278 0.056250 0.111111
0 0.213281 0.739583 0.040625 0.068056
0 0.249609 0.745139 0.038281 0.070833
0 0.284766 0.738889 0.033594 0.061111
0 0.100000 0.514583 0.046875 0.123611
0 0.059375 0.272222 0.084375 0.108333
0 0.173828 0.454861 0.064844 0.090278
0 0.164844 0.379861 0.065625 0.104167
0 0.397656 0.469444 0.076563 0.094444
0 0.467578 0.468750 0.071094 0.118056
0 0.295312 0.391667 0.062500 0.127778
0 0.137109 0.270139 0.050781 0.079167
0 0.195703 0.236806 0.083594 0.087500
0 0.209766 0.293750 0.071094 0.051389
0 0.270313 0.311806 0.060937 0.087500
0 0.431641 0.398611 0.057031 0.061111
0 0.458594 0.352083 0.078125 0.076389
0 0.425000 0.295833 0.034375 0.088889
0 0.462500 0.284722 0.050000 0.066667
0 0.508594 0.272222 0.048438 0.041667
