0 0.571484 0.493056 0.052344 0.108333
0 0.579688 0.561806 0.051562 0.137500
0 0.581641 0.282639 0.086719 0.093056
0 0.721484 0.313889 0.066406 0.144444
0 0.419922 0.593750 0.071094 0.104167
0 0.948047 0.618056 0.058594 0.147222
0 0.982031 0.643056 0.035937 0.075000
0 0.983594 0.743750 0.032813 0.098611
0 0.019141 0.583333 0.036719 0.147222
0 0.023047 0.432639 0.042969 0.134722
0 0.029297 0.324306 0.055469 0.090278
0 0.182422 0.311111 0.086719 0.097222
0 0.264844 0.268750 0.076563 0.065278
0 0.170313 0.476389 0.053125 0.136111
0 0.091406 0.694444 0.053125 0.144444
0 0.126562 0.692361 0.067187 0.112500
0 0.238281 0.565278 0.064062 0.152778
0 0.309375 0.668056 0.065625 0.122222
0 0.369922 0.684028 0.067969 0.115278
0 0.178125 0.788194 0.045312 0.098611
0 0.242969 0.775694 0.059375 0.062500
