0 0.105078 0.431944 0.063281 0.141667
0 0.153906 0.526389 0.054688 0.105556
0 0.282813 0.334722 0.048438 0.111111
0 0.304688 0.423611 0.042188 0.125000
0 0.314063 0.093750 0.065625 0.093056
0 0.182031 0.192361 0.042188 0.062500
0 0.263672 0.184722 0.057031 0.052778
0 0.496484 0.175694 0.064844 0.051389
0 0.549609 0.188194 0.050781 0.070833
0 0.971484 0.129861 0.057031 0.084722
0 0.926172 0.396528 0.061719 0.106944
0 0.971484 0.406944 0.057031 0.097222
0 0.954297 0.534028 0.067969 0.118056
0 0.989844 0.507639 0.020313 0.112500
0 0.381250 0.410417 0.060937 0.112500
0 0.368750 0.506250 0.053125 0.101389
0 0.417969 0.535417 0.056250 0.123611
0 0.495312 0.403472 0.056250 0.120833
0 0.467578 0.576389 0.052344 0.105556
0 0.447656 0.486806 0.057813 0.115278
