0 0.045312 0.247222 0.079687 0.097222
0 0.819922 0.215278 0.078906 0.161111
0 0.823438 0.592361 0.048438 0.109722
0 0.814063 0.692361 0.062500 0.087500
0 0.758984 0.626389 0.058594 0.088889
0 0.644141 0.700000 0.042969 0.075000
0 0.639062 0.618750 0.053125 0.093056
0 0.470313 0.565278 0.054688 0.083333
0 0.444922 0.589583 0.046094 0.062500
0 0.403906 0.589583 0.048438 0.073611
0 0.157812 0.673611 0.040625 0.080556
0 0.196875 0.690278 0.043750 0.100000
0 0.228906 0.600000 0.035937 0.072222
0 0.279687 0.594444 0.034375 0.072222
