0 0.099219 0.425000 0.064062 0.105556
0 0.128906 0.518056 0.051562 0.130556
0 0.251172 0.234722 0.057031 0.119444
0 0.226172 0.890972 0.067969 0.109722
0 0.561719 0.929167 0.092188 0.141667
0 0.438672 0.561806 0.057031 0.101389
0 0.279297 0.282639 0.044531 0.112500
0 0.354297 0.176389 0.077344 0.094444
0 0.314453 0.352778 0.050781 0.116667
0 0.376953 0.322917 0.063281 0.126389
0 0.358203 0.395139 0.052344 0.087500
0 0.378125 0.465972 0.079687 0.095833
0 0.471875 0.401389 0.070312 0.144444
0 0.444531 0.279167 0.051562 0.105556
0 0.420312 0.177083 0.043750 0.054167
0 0.472266 0.172222 0.075781 0.061111
0 0.708984 0.175000 0.077344 0.058333
0 0.841797 0.177778 0.080469 0.061111
0 0.892578 0.088194 0.100781 0.137500
0 0.943359 0.431944 0.069531 0.097222
0 0.955469 0.529167 0.068750 0.108333
0 0.986328 0.469444 0.027344 0.108333
