0 0.029687 0.376389 0.057813 0.138889
0 0.082031 0.415972 0.056250 0.115278
0 0.154297 0.686111 0.067969 0.116667
0 0.245703 0.534722 0.075781 0.144444
0 0.215234 0.644444 0.063281 0.108333
0 0.214453 0.722917 0.078906 0.073611
0 0.230078 0.785417 0.058594 0.081944
0 0.300391 0.648611 0.061719 0.125000
0 0.303516 0.272222 0.096094 0.083333
0 0.355859 0.668750 0.049219 0.131944
0 0.395313 0.613889 0.070312 0.136111
0 0.391406 0.287500 0.078125 0.061111
0 0.508203 0.592361 0.064844 0.143056
0 0.582422 0.666667 0.072656 0.105556
0 0.635547 0.652778 0.053906 0.133333
0 0.560937 0.355556 0.071875 0.125000
0 0.533203 0.307639 0.071094 0.093056
0 0.586719 0.277083 0.043750 0.051389
0 0.666797 0.184722 0.103906 0.130556
0 0.739062 0.159028 0.090625 0.129167
0 0.830859 0.270833 0.060156 0.058333
0 0.025781 0.792361 0.050000 0.065278
