0 0.129688 0.852778 0.076563 0.075000
0 0.085156 0.910417 0.051562 0.054167
0 0.160156 0.909028 0.051562 0.056944
0 0.094531 0.526389 0.078125 0.100000
0 0.239063 0.717361 0.064062 0.131944
0 0.295312 0.656944 0.053125 0.116667
0 0.343359 0.681944 0.066406 0.105556
0 0.355078 0.784028 0.042969 0.137500
0 0.016016 0.567361 0.030469 0.101389
0 0.244531 0.416667 0.082812 0.066667
0 0.317578 0.401389 0.063281 0.044444
0 0.401562 0.410417 0.053125 0.062500
0 0.742578 0.459722 0.042969 0.144444
0 0.818750 0.497917 0.053125 0.109722
0 0.878125 0.466667 0.065625 0.127778
0 0.971875 0.495139 0.039062 0.090278
0 0.969141 0.401389 0.052344 0.094444
