0 0.040234 0.176389 0.075781 0.113889
0 0.070703 0.553472 0.057031 0.087500
0 0.126562 0.444444 0.068750 0.122222
0 0.409375 0.572917 0.046875 0.101389
0 0.469922 0.567361 0.060156 0.090278
0 0.635938 0.622917 0.045312 0.101389
0 0.683594 0.647222 0.054688 0.086111
0 0.771875 0.558333 0.075000 0.116667
0 0.139063 0.605556 0.042188 0.066667
0 0.155078 0.684722 0.046094 0.066667
0 0.264844 0.598611 0.040625 0.066667
0 0.726172 0.606944 0.036719 0.055556
0 0.765234 0.630556 0.036719 0.069444
0 0.801562 0.647222 0.035937 0.069444
