0 0.782813 0.571528 0.073438 0.118056
0 0.959766 0.590972 0.066406 0.140278
0 0.957812 0.447917 0.057813 0.112500
0 0.908594 0.286111 0.057813 0.061111
0 0.084375 0.178472 0.096875 0.109722
0 0.054688 0.303472 0.070312 0.062500
0 0.041406 0.600000 0.054688 0.111111
0 0.085156 0.637500 0.054688 0.111111
0 0.089063 0.383333 0.051562 0.100000
0 0.110937 0.313889 0.040625 0.061111
0 0.149609 0.313889 0.041406 0.066667
0 0.343750 0.670833 0.046875 0.088889
0 0.322266 0.702778 0.036719 0.086111
0 0.250000 0.534722 0.067187 0.125000
0 0.261328 0.642361 0.052344 0.123611
0 0.316406 0.611806 0.068750 0.079167
0 0.294531 0.543056 0.056250 0.077778
0 0.341797 0.515278 0.053906 0.091667
0 0.397266 0.471528 0.050781 0.109722
0 0.442969 0.462500 0.062500 0.100000
0 0.332422 0.383333 0.057031 0.116667
0 0.407422 0.378472 0.058594 0.084722
0 0.408984 0.293056 0.072656 0.072222
0 0.467969 0.283333 0.087500 0.083333
0 0.341406 0.270139 0.068750 0.081944
0 0.194922 0.347917 0.049219 0.081944
0 0.194531 0.302778 0.042188 0.055556
0 0.253125 0.248611 0.078125 0.063889
0 0.246875 0.312500 0.029687 0.058333
0 0.282031 0.290972 0.043750 0.054167
