0 0.133984 0.865278 0.049219 0.108333
0 0.200000 0.440278 0.059375 0.125000
0 0.269141 0.531250 0.078906 0.115278
0 0.633594 0.047917 0.054688 0.093056
0 0.843359 0.599306 0.071094 0.112500
0 0.258203 0.719444 0.058594 0.080556
0 0.117578 0.633333 0.032031 0.066667
0 0.161328 0.643056 0.036719 0.069444
0 0.194531 0.647917 0.032813 0.068056
0 0.208594 0.695139 0.039062 0.098611
0 0.435156 0.627083 0.037500 0.059722
0 0.616016 0.655556 0.041406 0.086111
0 0.626172 0.697222 0.039844 0.080556
0 0.661328 0.714583 0.066406 0.076389
