0 0.053125 0.334028 0.067187 0.120833
0 0.055859 0.414583 0.071094 0.104167
0 0.194922 0.477778 0.078906 0.108333
0 0.129688 0.675000 0.071875 0.100000
0 0.148047 0.734028 0.085156 0.073611
0 0.229687 0.751389 0.045312 0.122222
0 0.196094 0.804167 0.062500 0.102778
0 0.267969 0.629167 0.053125 0.119444
0 0.333203 0.660417 0.061719 0.104167
0 0.373828 0.630556 0.063281 0.133333
0 0.275781 0.283333 0.082812 0.088889
0 0.355078 0.283333 0.075781 0.069444
0 0.542969 0.303472 0.073438 0.112500
0 0.472656 0.590972 0.068750 0.134722
0 0.562500 0.408333 0.067187 0.108333
0 0.597656 0.511111 0.051562 0.127778
0 0.612109 0.608333 0.052344 0.133333
