0 0.976562 0.374306 0.046875 0.118056
0 0.980469 0.462500 0.039062 0.072222
0 0.978516 0.547222 0.042969 0.091667
0 0.247656 0.490972 0.065625 0.090278
0 0.407031 0.519444 0.073438 0.113889
0 0.400781 0.627083 0.070312 0.118056
0 0.177734 0.837500 0.077344 0.080556
0 0.278906 0.811806 0.056250 0.098611
0 0.326953 0.813889 0.036719 0.077778
0 0.491797 0.351389 0.075781 0.066667
0 0.516797 0.422222 0.071094 0.077778
0 0.513281 0.483333 0.082812 0.072222
0 0.100000 0.636111 0.053125 0.122222
0 0.039453 0.650000 0.064844 0.086111
0 0.075391 0.742361 0.044531 0.118056
0 0.057031 0.333333 0.056250 0.102778
0 0.099219 0.362500 0.029687 0.094444
