0 0.802734 0.336806 0.071094 0.118056
0 0.819922 0.450000 0.066406 0.125000
0 0.900391 0.405556 0.047656 0.111111
0 0.950781 0.827083 0.059375 0.084722
0 0.403516 0.341667 0.030469 0.052778
0 0.446094 0.337500 0.059375 0.038889
0 0.522266 0.360417 0.075781 0.087500
0 0.558594 0.447222 0.050000 0.130556
0 0.576172 0.526389 0.078906 0.108333
0 0.625000 0.450000 0.067187 0.125000
0 0.068359 0.836111 0.036719 0.066667
0 0.097656 0.834028 0.032813 0.073611
0 0.129688 0.834028 0.039062 0.073611
0 0.229687 0.769444 0.071875 0.105556
0 0.280469 0.809028 0.059375 0.106944
0 0.285547 0.652083 0.055469 0.115278
0 0.342578 0.752778 0.078906 0.083333
0 0.048828 0.332639 0.096094 0.095833
0 0.114453 0.358333 0.044531 0.086111
