0 0.705078 0.072917 0.055469 0.090278
0 0.473828 0.259028 0.060156 0.059722
0 0.566797 0.365278 0.036719 0.075000
0 0.609375 0.400000 0.032813 0.094444
0 0.650000 0.381944 0.048438 0.080556
0 0.787109 0.499306 0.044531 0.073611
0 0.838672 0.680556 0.049219 0.061111
0 0.830469 0.740278 0.039062 0.061111
0 0.901953 0.796528 0.039844 0.070833
0 0.893750 0.923611 0.031250 0.083333
0 0.408594 0.586111 0.034375 0.097222
0 0.375781 0.647917 0.048438 0.143056
0 0.346875 0.740278 0.039062 0.050000
0 0.359766 0.777083 0.046094 0.037500
0 0.377734 0.820139 0.039844 0.056944
0 0.340234 0.825000 0.039844 0.061111
0 0.319141 0.904167 0.042969 0.069444
0 0.096875 0.873611 0.032813 0.069444
0 0.517188 0.767361 0.034375 0.062500
0 0.475781 0.904861 0.034375 0.065278
0 0.544922 0.921528 0.044531 0.059722
0 0.614844 0.588889 0.048438 0.063889
0 0.602344 0.650000 0.021875 0.066667
0 0.567969 0.731250 0.034375 0.048611
0 0.550391 0.779861 0.033594 0.045833
0 0.578125 0.781944 0.031250 0.033333
0 0.603125 0.799306 0.035937 0.043056
0 0.603125 0.839583 0.023438 0.062500
0 0.610938 0.760417 0.025000 0.056944
0 0.634375 0.768056 0.029687 0.052778
0 0.650781 0.793056 0.028125 0.050000
0 0.646484 0.853472 0.041406 0.051389
0 0.658203 0.918056 0.027344 0.061111
0 0.693359 0.919444 0.038281 0.047222
0 0.711328 0.877083 0.038281 0.048611
0 0.678516 0.822222 0.028906 0.044444
0 0.750781 0.837500 0.029687 0.080556
0 0.775000 0.852778 0.037500 0.055556
0 0.775781 0.766667 0.034375 0.069444
0 0.805859 0.768750 0.021094 0.062500
0 0.685547 0.653472 0.025781 0.084722
0 0.638281 0.709722 0.037500 0.047222
0 0.660937 0.734722 0.026562 0.063889
0 0.670312 0.698611 0.034375 0.052778
0 0.711328 0.718056 0.028906 0.061111
0 0.729688 0.774306 0.023438 0.073611
0 0.710938 0.810417 0.039062 0.037500
0 0.681641 0.768750 0.025781 0.034722
