0 0.428906 0.139583 0.043750 0.098611
0 0.576562 0.221528 0.040625 0.081944
0 0.542969 0.277778 0.034375 0.088889
0 0.595313 0.330556 0.048438 0.086111
0 0.562891 0.456944 0.030469 0.050000
0 0.546094 0.528472 0.050000 0.065278
0 0.014063 0.213194 0.026562 0.104167
0 0.098437 0.856944 0.029687 0.069444
0 0.354687 0.771528 0.034375 0.054167
0 0.332031 0.873611 0.040625 0.050000
0 0.359375 0.839583 0.034375 0.056944
0 0.396875 0.828472 0.039062 0.062500
0 0.424609 0.750000 0.036719 0.058333
0 0.560156 0.707639 0.039062 0.043056
0 0.706641 0.556250 0.035156 0.068056
0 0.716016 0.622222 0.027344 0.058333
0 0.771094 0.598611 0.031250 0.075000
0 0.839453 0.704167 0.038281 0.069444
0 0.826172 0.781944 0.039844 0.058333
0 0.861719 0.770139 0.025000 0.062500
0 0.869531 0.740972 0.028125 0.048611
0 0.944141 0.665278 0.042969 0.055556
0 0.908203 0.790278 0.028906 0.063889
0 0.887500 0.861111 0.048438 0.052778
0 0.743750 0.759028 0.034375 0.048611
0 0.724219 0.704167 0.042188 0.044444
0 0.461719 0.901389 0.040625 0.052778
0 0.577734 0.854167 0.035156 0.055556
0 0.605469 0.817361 0.023438 0.068056
0 0.650781 0.904861 0.025000 0.073611
0 0.685937 0.905556 0.035937 0.061111
0 0.661328 0.711111 0.021094 0.038889
0 0.692578 0.647917 0.025781 0.070833
