0 0.113672 0.207639 0.039844 0.123611
0 0.114844 0.825000 0.042188 0.055556
0 0.727734 0.181944 0.050781 0.083333
0 0.671484 0.470833 0.047656 0.077778
0 0.633594 0.574306 0.031250 0.073611
0 0.730859 0.595139 0.027344 0.090278
0 0.785937 0.559722 0.040625 0.069444
0 0.787891 0.667361 0.035156 0.073611
0 0.918359 0.674306 0.038281 0.065278
0 0.516797 0.670139 0.041406 0.073611
0 0.348438 0.749306 0.040625 0.065278
0 0.376172 0.827083 0.039844 0.043056
0 0.383594 0.877778 0.037500 0.063889
0 0.335938 0.911806 0.042188 0.070833
0 0.470313 0.879861 0.042188 0.056944
0 0.642188 0.895833 0.040625 0.063889
0 0.697266 0.945139 0.039844 0.051389
0 0.531641 0.770139 0.036719 0.048611
0 0.547656 0.735417 0.029687 0.073611
0 0.571875 0.765278 0.032813 0.033333
0 0.787500 0.782639 0.042188 0.051389
0 0.898828 0.838194 0.038281 0.054167
0 0.938281 0.846528 0.040625 0.051389
0 0.923438 0.905556 0.029687 0.069444
0 0.912891 0.780556 0.041406 0.033333
0 0.908984 0.809722 0.038281 0.033333
0 0.674219 0.836806 0.025000 0.065278
0 0.624609 0.828472 0.027344 0.056944
0 0.671484 0.681944 0.027344 0.061111
0 0.648438 0.726389 0.029687 0.050000
0 0.643359 0.756944 0.028906 0.041667
0 0.633594 0.774306 0.028125 0.054167
0 0.654297 0.792361 0.022656 0.040278
0 0.714453 0.761806 0.028906 0.048611
0 0.688281 0.771528 0.032813 0.062500
