0 0.198828 0.038194 0.057031 0.073611
0 0.396875 0.097917 0.053125 0.084722
0 0.492969 0.053472 0.057813 0.081944
0 0.454688 0.350000 0.051562 0.063889
0 0.453125 0.456250 0.039062 0.070833
0 0.430859 0.537500 0.039844 0.086111
0 0.472656 0.534028 0.040625 0.084722
0 0.507422 0.568750 0.047656 0.079167
0 0.534766 0.515972 0.039844 0.068056
0 0.607812 0.600000 0.028125 0.077778
0 0.605859 0.669444 0.032031 0.075000
0 0.415625 0.663194 0.032813 0.079167
0 0.200781 0.777778 0.031250 0.058333
0 0.202734 0.831944 0.039844 0.063889
0 0.138672 0.875694 0.044531 0.076389
0 0.247656 0.851389 0.050000 0.097222
0 0.319531 0.926389 0.048438 0.116667
0 0.403516 0.754167 0.042969 0.069444
0 0.796484 0.748611 0.041406 0.052778
0 0.681250 0.711111 0.040625 0.047222
0 0.544922 0.699306 0.041406 0.045833
0 0.560547 0.738889 0.022656 0.041667
0 0.576562 0.714583 0.023438 0.048611
0 0.712500 0.791667 0.037500 0.047222
0 0.723047 0.831944 0.027344 0.041667
0 0.697266 0.825694 0.033594 0.051389
0 0.673438 0.861111 0.034375 0.047222
0 0.714063 0.873611 0.034375 0.061111
0 0.689453 0.896528 0.039844 0.048611
0 0.648828 0.908333 0.038281 0.052778
0 0.612891 0.792361 0.025781 0.056944
0 0.636328 0.770139 0.032031 0.048611
0 0.645312 0.738194 0.026562 0.040278
0 0.530469 0.772917 0.037500 0.040278
0 0.467578 0.796528 0.033594 0.059722
0 0.487109 0.756250 0.021094 0.026389
0 0.500781 0.779861 0.029687 0.056944
0 0.535156 0.806944 0.043750 0.038889
0 0.523828 0.840278 0.024219 0.058333
0 0.554297 0.909722 0.039844 0.041667
0 0.550000 0.870833 0.031250 0.038889
0 0.567187 0.859722 0.023438 0.063889
0 0.589063 0.860417 0.034375 0.087500
0 0.614453 0.884028 0.028906 0.065278
0 0.621484 0.840972 0.028906 0.031944
