0 0.095703 0.518056 0.038281 0.100000
0 0.151953 0.843056 0.042969 0.058333
0 0.431250 0.368056 0.043750 0.091667
0 0.685547 0.393750 0.049219 0.081944
0 0.733984 0.418056 0.046094 0.072222
0 0.784375 0.444444 0.045312 0.077778
0 0.306641 0.886111 0.039844 0.052778
0 0.348047 0.898611 0.041406 0.063889
0 0.376172 0.718750 0.046094 0.059722
0 0.468359 0.666667 0.044531 0.088889
0 0.529687 0.652083 0.037500 0.062500
0 0.530859 0.597222 0.025781 0.058333
0 0.557813 0.590972 0.040625 0.079167
0 0.657813 0.600694 0.040625 0.065278
0 0.546875 0.725694 0.039062 0.056944
0 0.524219 0.886111 0.023438 0.058333
0 0.574609 0.902778 0.044531 0.052778
0 0.752344 0.911111 0.040625 0.047222
0 0.658984 0.743750 0.019531 0.068056
0 0.688672 0.802778 0.033594 0.044444
0 0.655859 0.820139 0.022656 0.062500
0 0.634766 0.668750 0.033594 0.076389
0 0.617969 0.686806 0.035937 0.062500
0 0.591016 0.677778 0.028906 0.061111
0 0.540234 0.775694 0.025781 0.062500
0 0.564453 0.790278 0.033594 0.044444
0 0.581641 0.821528 0.025781 0.062500
0 0.594141 0.755556 0.022656 0.055556
0 0.610547 0.800000 0.032031 0.052778
0 0.621094 0.749306 0.032813 0.051389
0 0.639844 0.788889 0.021875 0.041667
0 0.835547 0.778472 0.042969 0.045833
0 0.831250 0.815972 0.034375 0.034722
0 0.865625 0.826389 0.032813 0.063889
0 0.924219 0.864583 0.043750 0.070833
