0 0.072656 0.377778 0.031250 0.105556
0 0.300000 0.079167 0.053125 0.097222
0 0.357812 0.052083 0.053125 0.095833
0 0.422656 0.106944 0.043750 0.063889
0 0.436328 0.159028 0.055469 0.054167
0 0.343750 0.337500 0.046875 0.088889
0 0.538672 0.388194 0.038281 0.079167
0 0.433984 0.536806 0.049219 0.073611
0 0.098828 0.881944 0.039844 0.080556
0 0.164844 0.870139 0.034375 0.079167
0 0.292578 0.786111 0.044531 0.044444
0 0.338672 0.791667 0.039844 0.058333
0 0.369141 0.709028 0.035156 0.059722
0 0.482812 0.650000 0.043750 0.061111
0 0.597656 0.538194 0.043750 0.090278
0 0.626563 0.488194 0.042188 0.076389
0 0.663281 0.563194 0.039062 0.065278
0 0.650000 0.621528 0.042188 0.062500
0 0.574609 0.664583 0.049219 0.068056
0 0.547656 0.735417 0.035937 0.068056
0 0.598437 0.709722 0.028125 0.058333
0 0.591406 0.738194 0.031250 0.054167
0 0.586719 0.766667 0.026562 0.025000
0 0.640625 0.698611 0.035937 0.058333
0 0.676953 0.702778 0.041406 0.050000
0 0.786328 0.765972 0.038281 0.043056
0 0.833594 0.839583 0.051562 0.076389
0 0.761328 0.792361 0.044531 0.040278
0 0.734375 0.841667 0.031250 0.058333
0 0.705469 0.840278 0.037500 0.055556
0 0.693359 0.874306 0.024219 0.054167
0 0.673438 0.739583 0.029687 0.029167
0 0.689063 0.761111 0.037500 0.027778
0 0.695703 0.781944 0.038281 0.033333
0 0.698828 0.806250 0.035156 0.026389
0 0.659375 0.802083 0.026562 0.062500
0 0.587891 0.957639 0.032031 0.056944
0 0.615234 0.946528 0.028906 0.062500
0 0.644141 0.913194 0.032031 0.037500
0 0.650391 0.885417 0.039844 0.051389
0 0.621094 0.886806 0.039062 0.048611
0 0.494922 0.757639 0.036719 0.040278
0 0.494531 0.798611 0.035937 0.044444
0 0.534766 0.794444 0.039844 0.044444
0 0.511719 0.828472 0.028125 0.054167
0 0.530078 0.833333 0.022656 0.069444
0 0.548438 0.856944 0.018750 0.061111
0 0.567578 0.865972 0.021094 0.073611
0 0.588281 0.859028 0.023438 0.059722
0 0.602734 0.854167 0.022656 0.055556
0 0.605859 0.811111 0.035156 0.033333
0 0.618359 0.751389 0.021094 0.041667
0 0.636328 0.770833 0.027344 0.052778
0 0.636719 0.845833 0.023438 0.038889
