0 0.283333 0.151953 0.230556 0.130469
0 0.386111 0.251172 0.225000 0.150781
0 0.109722 0.278516 0.205556 0.105469
0 0.249306 0.339844 0.118056 0.140625
0 0.099306 0.372656 0.187500 0.095312
0 0.245139 0.442969 0.212500 0.073438
0 0.337500 0.478906 0.252778 0.064062
0 0.634028 0.396094 0.206944 0.115625
0 0.695139 0.362109 0.081944 0.075781
0 0.540972 0.491406 0.215278 0.098437
0 0.684028 0.549609 0.115278 0.150781
0 0.261111 0.623828 0.247222 0.082031
0 0.220139 0.738672 0.184722 0.144531
0 0.425000 0.668359 0.222222 0.117969
0 0.590972 0.748437 0.204167 0.125000
0 0.629167 0.875391 0.238889 0.107031
