0 0.893750 0.509028 0.178125 0.273611
0 0.632812 0.916667 0.106250 0.166667
0 0.514062 0.839583 0.107813 0.273611
0 0.340625 0.896528 0.132812 0.206944
0 0.192578 0.835417 0.125781 0.276389
0 0.078516 0.676389 0.150781 0.227778
0 0.191406 0.400000 0.109375 0.211111
0 0.197266 0.547917 0.127344 0.215278
0 0.453516 0.213194 0.107031 0.137500
0 0.437109 0.312500 0.149219 0.191667
0 0.380859 0.485417 0.124219 0.237500
0 0.579297 0.437500 0.103906 0.252778
0 0.673438 0.537500 0.139063 0.247222
0 0.520703 0.604861 0.088281 0.245833
0 0.455078 0.605556 0.091406 0.269444
0 0.404687 0.684722 0.123438 0.261111
0 0.312891 0.677778 0.110156 0.261111
0 0.259766 0.246528 0.155469 0.234722
0 0.578125 0.218056 0.107813 0.138889
0 0.687109 0.287500 0.122656 0.183333
0 0.836719 0.215278 0.170313 0.111111
0 0.128906 0.359722 0.104688 0.238889
0 0.046484 0.205556 0.091406 0.163889
0 0.148047 0.181944 0.092969 0.116667
