0 0.194922 0.194444 0.083594 0.127778
0 0.403125 0.090972 0.073438 0.118056
0 0.412500 0.254167 0.068750 0.086111
0 0.403516 0.349306 0.058594 0.120833
0 0.509375 0.302083 0.064062 0.112500
0 0.528125 0.125000 0.043750 0.091667
0 0.873828 0.132639 0.061719 0.068056
0 0.746875 0.263194 0.040625 0.120833
0 0.776563 0.287500 0.039062 0.105556
0 0.796094 0.225000 0.060937 0.097222
0 0.735547 0.107639 0.049219 0.076389
0 0.750391 0.145833 0.044531 0.094444
0 0.617578 0.226389 0.061719 0.086111
0 0.576953 0.195833 0.032031 0.066667
0 0.651953 0.100000 0.046094 0.094444
0 0.692969 0.069444 0.050000 0.069444
0 0.687891 0.142361 0.074219 0.073611
