0 0.658203 0.386806 0.080469 0.109722
0 0.621094 0.554861 0.062500 0.070833
0 0.751563 0.868056 0.067187 0.094444
0 0.583594 0.867361 0.062500 0.095833
0 0.287109 0.927083 0.047656 0.118056
0 0.206641 0.945833 0.046094 0.077778
0 0.195703 0.709028 0.053906 0.104167
0 0.252734 0.625694 0.024219 0.068056
0 0.276172 0.620833 0.024219 0.075000
0 0.294531 0.700000 0.037500 0.066667
0 0.362500 0.815278 0.053125 0.100000
0 0.387891 0.711806 0.042969 0.087500
0 0.324609 0.761806 0.036719 0.073611
0 0.339062 0.652778 0.054688 0.061111
0 0.360156 0.739583 0.053125 0.054167
0 0.322656 0.698611 0.039062 0.063889
0 0.383594 0.586806 0.025000 0.037500
0 0.407422 0.576389 0.027344 0.061111
0 0.428125 0.599306 0.028125 0.062500
0 0.455469 0.586806 0.050000 0.068056
