0 0.501172 0.097222 0.171094 0.191667
0 0.645312 0.086111 0.098437 0.152778
0 0.650000 0.203472 0.107813 0.070833
0 0.805469 0.195139 0.114062 0.126389
0 0.878516 0.250000 0.057031 0.111111
0 0.937891 0.158333 0.117969 0.177778
0 0.747656 0.335417 0.076563 0.154167
0 0.949219 0.729167 0.096875 0.155556
0 0.623047 0.688889 0.100781 0.138889
0 0.470703 0.690972 0.086719 0.176389
0 0.473828 0.531944 0.052344 0.172222
0 0.542969 0.488194 0.068750 0.106944
0 0.618750 0.520833 0.087500 0.150000
0 0.566797 0.375000 0.089844 0.119444
0 0.417578 0.453472 0.074219 0.123611
0 0.195312 0.687500 0.070312 0.180556
0 0.279297 0.401389 0.086719 0.150000
0 0.314063 0.321528 0.071875 0.165278
0 0.369922 0.329861 0.067969 0.162500
0 0.416016 0.352778 0.072656 0.122222
0 0.351562 0.201389 0.056250 0.105556
0 0.397656 0.191667 0.076563 0.161111
0 0.449609 0.205556 0.049219 0.105556
