0 0.496528 0.373047 0.143056 0.083594
0 0.622222 0.546484 0.105556 0.080469
0 0.829167 0.701172 0.130556 0.072656
0 0.500694 0.861328 0.129167 0.089844
0 0.607639 0.866016 0.145833 0.085156
0 0.724306 0.627344 0.126389 0.079687
0 0.649306 0.660547 0.143056 0.071094
0 0.719444 0.720313 0.100000 0.073438
0 0.633333 0.742578 0.119444 0.071094
0 0.598611 0.792578 0.152778 0.066406
0 0.523611 0.730859 0.108333 0.078906
0 0.505556 0.495703 0.163889 0.066406
0 0.524306 0.546484 0.129167 0.041406
0 0.531944 0.587109 0.141667 0.050781
0 0.480556 0.642188 0.102778 0.103125
