0 0.142187 0.547222 0.050000 0.066667
0 0.271875 0.536111 0.053125 0.069444
0 0.308594 0.590278 0.040625 0.080556
0 0.914844 0.691667 0.059375 0.075000
0 0.782422 0.750000 0.053906 0.100000
0 0.730469 0.746528 0.062500 0.101389
0 0.525781 0.781250 0.056250 0.054167
0 0.530859 0.827778 0.049219 0.080556
0 0.262891 0.818750 0.046094 0.076389
0 0.361328 0.737500 0.050781 0.069444
0 0.405859 0.652778 0.044531 0.063889
0 0.430078 0.750694 0.055469 0.081944
0 0.335938 0.693056 0.062500 0.080556
0 0.431250 0.568056 0.029687 0.083333
0 0.482422 0.553472 0.042969 0.062500
0 0.458594 0.590972 0.031250 0.048611
0 0.566016 0.588194 0.035156 0.043056
