0 0.871484 0.804861 0.032031 0.059722
0 0.844141 0.811111 0.027344 0.055556
0 0.816016 0.818750 0.030469 0.051389
0 0.775000 0.810417 0.040625 0.037500
0 0.789062 0.843750 0.048438 0.048611
0 0.778906 0.746528 0.023438 0.051389
0 0.752734 0.750000 0.028906 0.044444
0 0.741797 0.788889 0.039844 0.041667
0 0.714063 0.802083 0.029687 0.073611
0 0.727344 0.716667 0.034375 0.052778
0 0.692969 0.721528 0.040625 0.054167
0 0.639453 0.747222 0.028906 0.069444
0 0.665234 0.738889 0.022656 0.044444
0 0.656250 0.870833 0.046875 0.044444
0 0.651953 0.834028 0.038281 0.040278
0 0.681250 0.837500 0.025000 0.050000
0 0.655859 0.795833 0.042969 0.052778
0 0.695703 0.788889 0.025781 0.044444
