0 0.761328 0.616667 0.030469 0.086111
0 0.730859 0.621528 0.025781 0.059722
0 0.688672 0.577083 0.025781 0.056944
0 0.682422 0.642361 0.032031 0.062500
0 0.709766 0.607639 0.019531 0.051389
0 0.585938 0.409722 0.037500 0.047222
0 0.658203 0.303472 0.042969 0.076389
0 0.640625 0.434722 0.034375 0.044444
0 0.619922 0.451389 0.021094 0.033333
0 0.567187 0.462500 0.020313 0.038889
0 0.588672 0.459722 0.022656 0.036111
0 0.207813 0.364583 0.037500 0.068056
0 0.271484 0.390972 0.042969 0.070833
0 0.302344 0.663194 0.039062 0.070833
0 0.315625 0.603472 0.031250 0.045833
0 0.346875 0.596528 0.028125 0.051389
0 0.354297 0.546528 0.032031 0.056944
0 0.368750 0.481944 0.023438 0.047222
0 0.393359 0.533333 0.028906 0.050000
0 0.425000 0.547222 0.018750 0.052778
0 0.411719 0.481944 0.025000 0.044444
0 0.453516 0.463194 0.017969 0.054167
0 0.472656 0.437500 0.020313 0.044444
0 0.500391 0.469444 0.024219 0.041667
0 0.487891 0.493750 0.024219 0.031944
0 0.494922 0.512500 0.030469 0.036111
0 0.528125 0.536111 0.026562 0.044444
0 0.518359 0.555556 0.022656 0.044444
0 0.525391 0.594444 0.027344 0.055556
0 0.493359 0.546528 0.027344 0.037500
0 0.502734 0.583333 0.021094 0.041667
0 0.459375 0.668056 0.034375 0.055556
0 0.481641 0.638889 0.019531 0.063889
0 0.496875 0.626389 0.023438 0.055556
0 0.502734 0.660417 0.021094 0.040278
