0 0.831250 0.676389 0.031250 0.083333
0 0.791016 0.659028 0.050781 0.073611
0 0.612500 0.695139 0.048438 0.065278
0 0.593750 0.657639 0.042188 0.045833
0 0.581641 0.634722 0.042969 0.036111
0 0.585938 0.579167 0.035937 0.058333
0 0.617188 0.559028 0.043750 0.068056
0 0.669531 0.558333 0.035937 0.080556
0 0.698828 0.565972 0.027344 0.073611
0 0.732031 0.588889 0.045312 0.075000
0 0.700391 0.695139 0.050781 0.059722
0 0.742188 0.691667 0.040625 0.052778
0 0.769922 0.681250 0.032031 0.043056
0 0.755078 0.645139 0.047656 0.048611
0 0.706250 0.656944 0.034375 0.044444
0 0.637109 0.613194 0.033594 0.040278
0 0.649609 0.650694 0.030469 0.045833
0 0.673438 0.627778 0.028125 0.058333
0 0.695703 0.634722 0.036719 0.041667
