0 0.051172 0.154167 0.038281 0.058333
0 0.092969 0.152083 0.040625 0.062500
0 0.151562 0.431944 0.043750 0.077778
0 0.243750 0.291667 0.029687 0.058333
0 0.678906 0.361806 0.023438 0.054167
0 0.329688 0.452778 0.025000 0.047222
0 0.351953 0.459722 0.025781 0.047222
0 0.376953 0.399306 0.033594 0.043056
0 0.357422 0.368056 0.025781 0.044444
0 0.336328 0.350000 0.024219 0.063889
0 0.358594 0.325000 0.020313 0.027778
0 0.378906 0.331944 0.014063 0.038889
0 0.390234 0.327083 0.019531 0.043056
0 0.408203 0.336111 0.024219 0.041667
0 0.446484 0.385417 0.016406 0.051389
0 0.467578 0.400000 0.021094 0.050000
0 0.486328 0.400000 0.021094 0.058333
0 0.521484 0.361806 0.027344 0.048611
0 0.462500 0.352083 0.018750 0.037500
0 0.502344 0.359028 0.017188 0.054167
0 0.505469 0.298611 0.028125 0.055556
