0 0.368750 0.719444 0.090625 0.191667
0 0.523047 0.656944 0.077344 0.183333
0 0.551953 0.492361 0.082031 0.156944
0 0.627344 0.511111 0.053125 0.161111
0 0.657813 0.398611 0.079687 0.130556
0 0.734766 0.453472 0.088281 0.159722
0 0.780078 0.484028 0.086719 0.120833
0 0.783984 0.301389 0.060156 0.075000
0 0.851953 0.302083 0.061719 0.112500
0 0.917578 0.265972 0.074219 0.123611
0 0.937500 0.399306 0.071875 0.101389
0 0.947656 0.308333 0.060937 0.091667
0 0.049609 0.493056 0.089844 0.133333
0 0.142187 0.483333 0.073438 0.161111
0 0.201563 0.438194 0.062500 0.151389
0 0.256250 0.580556 0.081250 0.147222
0 0.353516 0.573611 0.050781 0.155556
0 0.414844 0.548611 0.056250 0.191667
0 0.458984 0.417361 0.082031 0.179167
0 0.501172 0.372222 0.075781 0.141667
0 0.525000 0.311806 0.048438 0.087500
0 0.583984 0.361111 0.052344 0.150000
0 0.653516 0.283333 0.096094 0.133333
0 0.606641 0.302083 0.061719 0.073611
0 0.107422 0.280556 0.099219 0.155556
0 0.196484 0.295833 0.089844 0.108333
0 0.255078 0.440972 0.066406 0.151389
0 0.319922 0.490278 0.082031 0.150000
0 0.258984 0.302083 0.039844 0.118056
0 0.298828 0.322222 0.060156 0.113889
0 0.367578 0.388194 0.082031 0.112500
0 0.393750 0.291667 0.075000 0.122222
0 0.328125 0.291667 0.071875 0.116667
