0 0.422917 0.041016 0.248611 0.080469
0 0.326389 0.256250 0.105556 0.110937
0 0.427083 0.360938 0.215278 0.084375
0 0.710417 0.339453 0.173611 0.096094
0 0.926389 0.364453 0.147222 0.096094
0 0.788889 0.440234 0.227778 0.074219
0 0.945833 0.491016 0.105556 0.092969
0 0.529167 0.529687 0.244444 0.107813
0 0.672222 0.652734 0.150000 0.117969
0 0.522917 0.717969 0.226389 0.093750
0 0.813194 0.662500 0.195833 0.071875
0 0.947917 0.633594 0.104167 0.054688
0 0.772917 0.725000 0.193056 0.085938
0 0.713889 0.797656 0.188889 0.078125
0 0.776389 0.827734 0.205556 0.074219
0 0.947917 0.781250 0.104167 0.068750
0 0.930556 0.836719 0.138889 0.060937
0 0.898611 0.918750 0.186111 0.126562
0 0.045139 0.948438 0.087500 0.084375
