0 0.117969 0.575000 0.062500 0.105556
0 0.593750 0.634722 0.046875 0.086111
0 0.282422 0.981944 0.050781 0.036111
0 0.232422 0.693750 0.036719 0.076389
0 0.239063 0.769444 0.043750 0.072222
0 0.264453 0.694444 0.028906 0.077778
0 0.311719 0.672222 0.045312 0.069444
0 0.353516 0.658333 0.042969 0.072222
0 0.397266 0.659722 0.027344 0.052778
0 0.353906 0.871528 0.051562 0.098611
0 0.300391 0.852778 0.041406 0.075000
0 0.332031 0.731944 0.046875 0.072222
0 0.344141 0.779167 0.047656 0.058333
0 0.313281 0.790278 0.045312 0.052778
0 0.270313 0.779167 0.043750 0.061111
