0 0.356944 0.487891 0.130556 0.078906
0 0.390278 0.577344 0.116667 0.087500
0 0.522222 0.839063 0.163889 0.065625
0 0.590278 0.908594 0.127778 0.093750
0 0.663194 0.759375 0.112500 0.071875
0 0.586111 0.748437 0.077778 0.082812
0 0.497917 0.728125 0.145833 0.056250
0 0.462500 0.688672 0.150000 0.080469
0 0.300694 0.537109 0.098611 0.060156
0 0.294444 0.585547 0.088889 0.047656
0 0.308333 0.732031 0.080556 0.053125
0 0.294444 0.671484 0.080556 0.064844
0 0.359722 0.682422 0.100000 0.057031
0 0.298611 0.783984 0.136111 0.074219
0 0.309028 0.840234 0.084722 0.055469
