0 0.962891 0.662500 0.047656 0.105556
0 0.607031 0.729167 0.051562 0.069444
0 0.622266 0.791667 0.049219 0.072222
0 0.660937 0.726389 0.039062 0.080556
0 0.679688 0.675694 0.042188 0.076389
0 0.728516 0.653472 0.042969 0.081944
0 0.785156 0.641667 0.050000 0.072222
0 0.714063 0.749306 0.037500 0.062500
0 0.744531 0.725000 0.037500 0.050000
0 0.751172 0.772917 0.044531 0.070833
0 0.787891 0.786806 0.042969 0.054167
0 0.775781 0.718750 0.031250 0.045833
0 0.807813 0.739583 0.039062 0.062500
0 0.823828 0.781944 0.030469 0.063889
0 0.864062 0.725000 0.035937 0.061111
0 0.857812 0.786111 0.048438 0.063889
0 0.844922 0.750000 0.042969 0.047222
