0 0.075000 0.093750 0.112500 0.118056
0 0.056641 0.521528 0.083594 0.143056
0 0.495312 0.423611 0.068750 0.119444
0 0.509766 0.548611 0.061719 0.136111
0 0.874609 0.940972 0.096094 0.118056
0 0.336328 0.595139 0.067969 0.090278
0 0.838672 0.137500 0.091406 0.080556
0 0.833203 0.222917 0.063281 0.109722
0 0.868750 0.490278 0.054688 0.136111
0 0.970703 0.386806 0.058594 0.126389
0 0.910547 0.582639 0.072656 0.140278
0 0.927344 0.459028 0.056250 0.126389
0 0.968750 0.500000 0.048438 0.138889
0 0.960938 0.598611 0.045312 0.075000
