0 0.929297 0.109722 0.049219 0.047222
0 0.962109 0.151389 0.075781 0.094444
0 0.695703 0.602083 0.058594 0.087500
0 0.707031 0.536111 0.075000 0.083333
0 0.674609 0.433333 0.085156 0.138889
0 0.820703 0.138889 0.089844 0.094444
0 0.675781 0.103472 0.073438 0.098611
0 0.580078 0.122222 0.061719 0.091667
0 0.049219 0.064583 0.087500 0.123611
0 0.187109 0.556250 0.089844 0.109722
0 0.476953 0.609028 0.082031 0.126389
0 0.543359 0.583333 0.078906 0.172222
0 0.165625 0.102083 0.103125 0.123611
0 0.221094 0.120833 0.073438 0.063889
0 0.240234 0.197222 0.069531 0.127778
0 0.241406 0.313194 0.085938 0.115278
0 0.300781 0.106944 0.065625 0.069444
0 0.392969 0.109722 0.087500 0.094444
0 0.397266 0.225000 0.060156 0.133333
0 0.329688 0.402083 0.078125 0.143056
0 0.446484 0.487500 0.080469 0.136111
0 0.509375 0.357639 0.079687 0.140278
0 0.450000 0.301389 0.075000 0.108333
0 0.380859 0.311806 0.069531 0.065278
0 0.376172 0.386806 0.082031 0.131944
0 0.426563 0.413194 0.043750 0.079167
