0 0.882031 0.506250 0.090625 0.234722
0 0.277734 0.483333 0.071094 0.111111
0 0.060547 0.506250 0.069531 0.118056
0 0.236719 0.719444 0.037500 0.088889
0 0.243359 0.818056 0.042969 0.075000
0 0.360156 0.684722 0.042188 0.097222
0 0.391406 0.818750 0.048438 0.093056
0 0.305859 0.824306 0.041406 0.073611
0 0.337500 0.825000 0.035937 0.069444
0 0.328125 0.743056 0.039062 0.061111
0 0.360938 0.768750 0.040625 0.068056
0 0.280469 0.822917 0.032813 0.068056
0 0.277344 0.913889 0.048438 0.080556
0 0.323437 0.941667 0.048438 0.061111
0 0.348438 0.894444 0.048438 0.063889
0 0.318359 0.881944 0.039844 0.061111
0 0.333984 0.685417 0.032031 0.051389
