0 0.455729 0.586640 0.117312 0.107143
0 0.480035 0.666832 0.135169 0.117394
0 0.591766 0.600694 0.108631 0.096892
0 0.768849 0.689815 0.158234 0.140212
0 0.912326 0.678902 0.156498 0.127646
0 0.901786 0.563492 0.121528 0.101852
0 0.874132 0.431217 0.136161 0.072090
0 0.713790 0.434028 0.125000 0.075066
0 0.586310 0.435020 0.127480 0.082341
0 0.661706 0.526124 0.073909 0.091931
0 0.756820 0.496693 0.062252 0.076058
0 0.561756 0.512566 0.096726 0.078042
0 0.156126 0.416997 0.118304 0.064153
0 0.260169 0.532738 0.110615 0.095899
0 0.372024 0.524306 0.068452 0.079034
