0 0.038814 0.707507 0.073661 0.155093
0 0.109747 0.548446 0.078621 0.096892
0 0.192832 0.577381 0.116319 0.116402
0 0.653770 0.610450 0.123016 0.095899
0 0.668279 0.693618 0.140129 0.100198
0 0.957713 0.686343 0.084573 0.137897
0 0.912450 0.583003 0.105159 0.121032
0 0.893601 0.475860 0.127480 0.093254
0 0.706721 0.471396 0.100942 0.084325
0 0.753348 0.539683 0.067708 0.075397
0 0.667783 0.554563 0.076141 0.077381
0 0.360863 0.560847 0.070933 0.085317
0 0.439608 0.615079 0.106895 0.100529
0 0.501488 0.496362 0.148810 0.232804
0 0.598090 0.478836 0.116319 0.069444
