0 0.144841 0.623016 0.106151 0.097884
0 0.333581 0.635417 0.092758 0.116071
0 0.404142 0.670635 0.082093 0.130952
0 0.460317 0.607474 0.070933 0.065476
0 0.573785 0.647156 0.082093 0.096561
0 0.629092 0.838294 0.157490 0.130291
0 0.708581 0.652612 0.099702 0.083003
0 0.630084 0.581680 0.060268 0.103175
0 0.758061 0.560020 0.111359 0.075728
0 0.750992 0.752149 0.049603 0.133929
0 0.923611 0.625331 0.065972 0.116402
0 0.959821 0.534061 0.080357 0.084656
0 0.863715 0.540840 0.130704 0.073082
0 0.833829 0.622851 0.093254 0.088955
