0 0.202257 0.569940 0.116319 0.137897
0 0.336930 0.593419 0.115327 0.093585
0 0.546751 0.678737 0.143601 0.129960
0 0.677207 0.693618 0.137649 0.166336
0 0.841394 0.651455 0.103423 0.123016
0 0.920139 0.598380 0.127480 0.096892
0 0.949157 0.718254 0.101687 0.110450
0 0.893105 0.481978 0.118552 0.067130
0 0.739459 0.477348 0.117312 0.079034
0 0.822173 0.504960 0.072917 0.106481
0 0.694816 0.571263 0.075149 0.075066
0 0.765005 0.536376 0.054315 0.064153
0 0.580481 0.572255 0.089534 0.099537
0 0.464782 0.529266 0.082837 0.090278
0 0.586682 0.485615 0.111855 0.075728
0 0.349702 0.528439 0.071925 0.077381
