0 0.347222 0.608135 0.086310 0.080026
0 0.381324 0.559689 0.069196 0.060516
0 0.454489 0.574074 0.075149 0.082011
0 0.523313 0.575066 0.062500 0.091270
0 0.536954 0.656085 0.081349 0.118386
0 0.615079 0.623677 0.078869 0.087963
0 0.725942 0.730159 0.067460 0.127646
0 0.813244 0.721065 0.127480 0.102844
0 0.794519 0.662864 0.091518 0.063823
0 0.878224 0.623512 0.072917 0.085648
0 0.945685 0.654927 0.108631 0.084325
0 0.635789 0.545304 0.123264 0.066138
0 0.760665 0.543155 0.109623 0.075066
0 0.886285 0.538525 0.100942 0.063823
0 0.703745 0.604167 0.071181 0.067460
0 0.793527 0.593419 0.060764 0.079696
