0 0.044023 0.625331 0.082093 0.102513
0 0.170139 0.606978 0.093254 0.100198
0 0.491319 0.641204 0.076885 0.105159
0 0.657118 0.710152 0.140129 0.117394
0 0.841890 0.713128 0.112847 0.145833
0 0.971850 0.716601 0.056300 0.132275
0 0.921875 0.619048 0.144345 0.105820
0 0.881200 0.513558 0.109623 0.080026
0 0.735491 0.506118 0.110367 0.074405
0 0.576389 0.512897 0.120536 0.085317
0 0.600818 0.601356 0.082093 0.098214
0 0.704117 0.600198 0.071925 0.086640
0 0.768353 0.567626 0.058036 0.067130
0 0.376240 0.543320 0.070933 0.066138
0 0.425843 0.581349 0.063988 0.103836
0 0.466890 0.551091 0.064236 0.075066
