0 0.052083 0.533069 0.103671 0.132275
0 0.158978 0.400132 0.089782 0.064815
0 0.244172 0.521991 0.128224 0.092262
0 0.437376 0.578538 0.142113 0.141204
0 0.584573 0.577381 0.133433 0.123016
0 0.855159 0.711310 0.098214 0.140212
0 0.854291 0.593419 0.136161 0.120701
0 0.923611 0.534557 0.139385 0.108135
0 0.859375 0.398313 0.134425 0.102844
0 0.705481 0.406415 0.125744 0.091270
0 0.550347 0.407573 0.152282 0.079696
0 0.753348 0.479993 0.081101 0.081019
0 0.653770 0.494048 0.090774 0.091270
0 0.528398 0.491898 0.113839 0.095569
0 0.349206 0.488922 0.080357 0.092262
0 0.437748 0.453538 0.093254 0.101521
