0 0.595362 0.913690 0.090526 0.135582
0 0.713046 0.960813 0.124008 0.078373
0 0.905754 0.766038 0.066468 0.081019
0 0.906126 0.713128 0.081597 0.067130
0 0.677455 0.714782 0.073661 0.072421
0 0.768973 0.707507 0.051339 0.085648
0 0.784102 0.650794 0.051339 0.044312
0 0.564608 0.671296 0.057292 0.064153
0 0.423487 0.698743 0.052827 0.062169
0 0.423239 0.643022 0.090030 0.052579
0 0.193080 0.698743 0.088046 0.054894
0 0.100446 0.699735 0.056548 0.063492
0 0.054191 0.701389 0.059276 0.066799
0 0.019965 0.662202 0.034970 0.058532
